{
  "height": 105,
  "width": 234,
  "x": 140.40000915527344,
  "y": 385.1625061035156
}