{
  "height": 30,
  "width": 40,
  "x": 977.6000366210938,
  "y": 550.3624877929688
}