{
  "height": 19,
  "width": 31,
  "x": 352.3625183105469,
  "y": 187.3625030517578
}