{
  "height": 47,
  "width": 85,
  "x": 245.21250915527344,
  "y": 173.7624969482422
}