{
  "height": 30,
  "width": 40,
  "x": 2123.60009765625,
  "y": 552.7625122070312
}