{
  "height": 18,
  "width": 45,
  "x": 140.40000915527344,
  "y": 590.9625244140625
}